x,y,A
1.6464405117819743,33.7152108312463,2.27860989913126e-15
2.1455680991172583,10.402547826243733,3.044691903099057e-05
1.8082901282149315,29.033047834288908,2.460976874652554e-13
1.6346495489906907,38.350815637641944,2.2103059464522945e-17
1.270964398016714,11.759017280963624,7.812402283971648e-06
1.9376823391999682,45.1808593209492,2.3889227662832902e-20
1.3127616337880776,30.80325666542692,4.1909801663181396e-14
2.675319002346239,11.226441933028717,1.3303773406214771e-05
2.8909882815030876,18.97654447683361,5.735763420760331e-09
1.150324556477333,48.14702785709252,1.230301296365893e-21
2.3751751142479938,33.292789322082214,3.4763645313321872e-15
1.5866847592587134,14.29890271075218,6.166657194782264e-07
1.704133683281797,21.50178009122246,4.5908758731989344e-10
2.776789914877983,28.26814503441937,5.28811142938915e-13
0.21310817459366083,10.838002770709219,1.9637060683735355e-05
0.2613878991046221,26.464620544550353,3.2104161528013103e-12
0.06065519232097716,29.578345417387926,1.4265526386260253e-13
2.497859536643814,19.74711501124929,2.654220029517847e-09
2.3344702528495516,33.54556001167946,2.6999044492878443e-15
2.6100364447404574,40.12960478368707,3.731935090711957e-18
2.935855026698292,19.43336896422542,3.6324109840959747e-09
2.397475692650171,34.81999601119951,7.548625371659154e-16
1.3844380867587955,35.58488971854966,3.513004904402065e-16
2.3415875288593666,47.94161204515364,1.5108537791902283e-21
0.35482327760679966,41.13104669185775,1.3709240232799436e-18
1.9197630639825713,43.93381079160024,8.313586201319211e-20
0.4300598622271392,29.616796337451007,1.3727415497781508e-13
2.8340067511487517,17.413943479175312,2.7366500726082958e-08
1.565544965250215,49.8326117183854,2.280193544913708e-22
1.2439858199715708,15.174230441547984,2.569829406111418e-07
0.7936668363138809,28.858292774170614,2.9309114060194377e-13
2.32270106830265,12.723723969684265,2.980281685124859e-06
1.3684509966496456,47.75403429403278,1.822579232980667e-21
1.7053018466059455,48.59699763393758,7.8449845119959995e-22
0.056369401309065426,38.77556248015894,1.445397110464858e-17
1.8529064912276312,23.999713745206755,3.7762153534234084e-11
1.8362871681672641,20.17529604470497,1.7297377920540782e-09
1.8508019906242708,20.612132981481896,1.1175434037146544e-09
2.8312442355438723,15.09176101680299,2.7907408315253333e-07
2.04546089731045,31.032358123068917,3.332867947572826e-14
1.078523701721358,15.6726910280591,1.5610993594028057e-07
1.3110958613980244,22.66922666213825,1.4284990157424981e-10
2.0928935877817945,35.0682590383642,5.889095670986875e-16
0.1806764148878095,39.10174438362999,1.0431053704861452e-17
2.000300146337003,10.970908184882449,1.721714813083256e-05
2.0119136088544782,27.204639375069597,1.5317053782540981e-12
0.6311476832215227,36.08498379368556,2.1305447415265617e-16
0.3867788929645599,44.129839046340514,6.833676485054129e-20
0.9462850527725516,29.012991288483295,2.5108338783486654e-13
1.0911323128278678,48.76823486870741,6.610353798467929e-22
1.710590311253639,20.625301901657892,1.1029229817824938e-09
1.315804540386961,10.540348265068754,2.6378649556245353e-05
2.9651215141776786,29.350114588069445,1.7922854996116773e-13
0.3061344322440842,20.244551800800718,1.6139975002289876e-09
0.6266302682845041,42.94870688092678,2.2264533334508787e-19
0.48392855365498877,19.310906887244485,4.105628570931903e-09
1.9593249763961953,22.425168731652253,1.8233622921663338e-10
0.7598748076193463,41.64909724076449,8.166329367757486e-19
1.3989323185689189,38.6057300810144,1.7129490913256107e-17
0.7332767760048082,32.3220494662905,9.177243880022619e-15
0.47690875093655916,38.19792247691038,2.5754495566605817e-17
0.3311254234929154,26.74547454280106,2.4243090915677225e-12
1.9689887683958203,10.212401904586713,3.680281899400286e-05
0.4145488540458414,10.454205140487701,2.881259399438279e-05
0.5897470850401605,30.448871502947465,5.973421023038733e-14
1.1061755119828924,13.331639188759969,1.622095489900146e-06
2.4629796895438054,12.043019206770271,5.8862435480772575e-06
0.2913038273791838,48.62066556549893,7.661489988984823e-22
2.5138347224964117,44.36010558632234,5.428138587217705e-20
0.2882952236818892,16.081089088382782,1.0376989368397575e-07
2.929378395040187,10.02656874360818,4.406407617718711e-05
1.4059536049431047,47.666711815590254,1.9888869035297076e-21
2.9302832645710115,21.13301193280457,6.638187423166158e-10
1.814536559235138,17.435904114219902,2.6772148854911916e-08
2.217790738194905,37.66032431326141,4.4088869602513573e-17
0.11756337676296202,14.356149553653047,5.823755289550842e-07
0.8484208877292287,20.585983920112014,1.1471514175050527e-09
0.3605896836395067,49.00378720848186,5.22306731410774e-22
0.8884205925664348,35.57851097896041,3.535485069198327e-16
0.35618315686273216,30.82711165930214,4.09218739548548e-14
0.9539495381819281,25.91674459339751,5.552656834277589e-12
1.2427889835440098,40.98003819536808,1.5943936042498902e-18
0.19244248904635308,15.638299060947748,1.6157447433429893e-07
2.0774163581100593,48.693512081479284,7.12322066963802e-22
1.6998043626197255,44.44492032263147,4.9867357492896836e-20
0.7961684728183362,34.70627930276973,8.457741578931914e-16
1.569744160400099,11.716247616102326,8.1559812873821e-06
0.281821532275325,38.03422597790951,3.033510722194843e-17
1.7278394866685378,46.531373635419236,6.189865249866274e-21
2.7878885927286423,30.98308269914504,3.5012099290390233e-14
0.955706857353971,24.16899287309051,3.188157447706735e-11
2.002231139891045,14.811093799178785,3.6951828212187666e-07
0.3953935872131765,40.19604416550273,3.492044943770509e-18
2.148981612355697,45.40087404847225,1.9171271920800528e-20
0.8682182788416033,14.010069763033943,8.231510622106648e-07
0.5495740860213505,40.359382190093676,2.9658079283067224e-18
1.7595388044302496,10.6824194503639,2.294239444239797e-05
0.06032263856248066,48.68219672308878,7.204280208390164e-22
2.4868200876520894,34.60232082540385,9.384324233590215e-16
0.014086428577641197,32.097562359665325,1.1486977877002306e-14
2.0334496103886903,21.837993343557113,3.2800465483486664e-10
0.8100239195764946,47.17166686279134,3.2629121366605324e-21
2.2055820663677848,20.63622509347164,1.0909412451844807e-09
2.886565635352315,43.1258645286678,1.864983560327396e-19
0.7462594305598741,49.40434717348528,3.4991667628084637e-22
1.7284720032535108,41.33586582059223,1.1170215954082624e-18
1.776125793815517,30.75959681545727,4.378010889670167e-14
1.71675571737262,12.642970554066878,3.22998542233737e-06
0.6692448979218549,28.89655156684292,2.8208962174533646e-13
2.858247034550955,27.530237878868142,1.106036867858235e-12
1.3413761358528822,18.11184164747981,1.3618414210836246e-08
2.5392260174133834,26.943505468572177,1.9887685882449066e-12
2.098437825952513,24.310315363213547,2.7679878889261237e-11
0.892310852565401,16.54737044606594,6.509779894164004e-08
2.4413934591074318,27.654965733299445,9.76339780554786e-13
1.189517222540954,20.511998252979563,1.2352426912893276e-09
2.6433095913334848,30.882496827290574,3.871703049157575e-14
1.743818617907576,11.406402388647766,1.1122792235467564e-05
2.6452060855645585,46.24925679149137,8.20735055091092e-21
2.0775947702332975,42.65457222079424,2.9878215584487197e-19
2.1757628394589217,32.10325330042018,1.1421791827368883e-14
1.5039731457801069,44.072343310289725,7.238098614438264e-20
2.8682509041696718,48.495802952432015,8.680412871976866e-22
1.9319705976889123,14.420891762106422,5.458829015891728e-07
1.271565145674539,35.23327233639215,4.993260741238242e-16
1.819179642383773,49.91976003742634,2.0898912025857065e-22
0.05757959492800058,49.51556677334104,3.130852314788315e-22
0.904724450023648,34.13291969162978,1.500587507784045e-15
1.9805206124780552,15.120834818032666,2.710897916937503e-07
0.8702328216313322,33.32771323962113,3.357051823387316e-15
1.8540462869965246,10.08258542297687,4.1852217611701206e-05
1.2863061028372984,17.956453386674383,1.5907820840719704e-08
0.4064221926673507,48.2449263823984,1.1155645174619928e-21
0.8948469778680923,23.217622904113753,8.254950763385902e-11
1.7098947321037947,35.53560423107794,3.6904826790435666e-16
1.7726182837445197,21.234379785289708,5.998270302115116e-10
1.7229757465487365,47.912875484463584,1.5549003631154389e-21
1.9596024595714008,39.14234919797947,1.0015986594149958e-17
1.9563098100050667,23.186046303256504,8.519773236663052e-11
1.2942553063019218,41.67045684721484,7.993749467032849e-19
2.689639787553189,14.326620979053505,5.997998606521314e-07
1.1026856101436895,25.69275760261838,6.946677673263948e-12
1.3075947757968804,18.848725109263693,6.517820769015309e-09
2.675770065047016,37.34905789104185,6.018804730503805e-17
2.418581967138257,14.097851270877214,7.540406273965201e-07
2.111665750621099,25.881033291306963,5.754532615172886e-12
0.30068066193690335,21.065989208367583,7.09834540375429e-10
2.7584478412340205,30.253716772952167,7.260687555431732e-14
2.1427238986473345,23.995907220155157,3.79061701464713e-11
2.9965410197035993,38.256423106680444,2.4291064513102164e-17
0.44834491397398124,10.983080972278643,1.6980922081426974e-05
2.6043781721046426,35.3594768522363,4.4012325894873225e-16
0.48747880402912447,19.2228515877528,4.4835455177927945e-09
1.8466786928515324,20.748361150273972,9.75216981667043e-10
0.37145994854832454,42.01022414334094,5.691037810702436e-19
2.5440246879667034,48.22273575921683,1.1405962975246817e-21
2.421956876175032,22.662008401083465,1.4388476277291257e-10
1.70730221584378,43.072210814763025,1.967779898384789e-19
1.221549891677999,14.159633518849324,7.08791675931126e-07
0.20750098636541414,35.35926612029533,4.402160167505364e-16
2.0922863194336907,40.04129198139675,4.076503731528877e-18
1.3606280480342066,16.23911712137826,8.860073929515379e-08
2.1661667984110435,27.04009550678242,1.8056589769247225e-12
2.5991469777858875,45.70828656995926,1.4097540970446588e-20
2.9265645150086574,14.143138537934888,7.205917057898205e-07
2.567410027177833,10.723854328059005,2.1998807522854918e-05
0.035142252555005915,33.62341516191735,2.4976773324236316e-15
1.0799341934350917,27.42126162123734,1.23338138937098e-12
2.189971687272174,41.94756995535611,6.059012369872578e-19
0.5148890317843215,46.93822152816426,4.120874609578578e-21
1.563109818612388,21.966145781752644,2.88552000947644e-10
0.1630139650177609,25.53616468676421,8.124274477426208e-12
0.5999895746892002,29.450883453172594,1.6204805737971313e-13
0.055565383381841915,33.526058417411974,2.7530736474192535e-15
2.381093110072262,49.35415318726467,3.67928654080827e-22
0.6717740641811404,37.89321003320206,3.4929147085203015e-17
1.036055042090708,25.58194029382275,7.760764298530366e-12
2.7842438803967724,20.550707458018486,1.1883410521929114e-09
2.1132432057705985,47.78502873688496,1.766955865578043e-21
0.09551678859392354,15.421937324340256,2.006031001086852e-07
0.49408246949373824,38.81063410019032,1.3955833232071414e-17
1.8644352044992907,47.015801011697626,3.813265623982787e-21
1.7316857658125029,36.58662346137754,1.290123598438927e-16
0.7136784641235259,26.922177606644844,2.0316403261155716e-12
2.8026419937743814,17.95963759701936,1.5857247545466345e-08
1.8418978678976878,24.69901289007709,1.8765277606407077e-11
1.606898409074875,38.27487237680488,2.384702083820585e-17
1.769729929063713,35.981368967011875,2.363143019439862e-16
2.190366088550309,47.11904666393431,3.4392048243092394e-21
0.9358349864388056,44.674436546375,3.964046367330499e-20
1.1946631866482758,42.64603009065473,3.0134532377472724e-19
0.6295312469253664,46.45803501403049,6.6608822040104074e-21
0.5585790176410085,21.053486109481977,7.187653758591538e-10
2.8331171699518007,24.78094160558598,1.7289156423223745e-11
2.2186523851478626,25.195756151440698,1.1418843913444095e-11
1.4713764258527013,32.41802354839121,8.337411917087615e-15
0.6822438839199697,36.72872918171084,1.1192203268988487e-16
0.7630694453111788,21.468667321615772,4.745437272686756e-10
0.17408748097162685,10.778498692372015,2.0841552492619948e-05
1.3032498766743623,25.968895346316373,5.270502816431081e-12
0.9353876459823077,22.34111838217602,1.9832413120807489e-10
2.0890304664463786,47.687388760721916,1.9481850433331098e-21
1.1332555178774428,45.53060162176174,1.6838792990774155e-20
0.5388110326789044,44.412427133736784,5.151431958103859e-20
0.07403618517399368,36.11999043780972,2.05725187331486e-16
0.20174889438974575,23.771566587957555,4.743946739830751e-11
2.038178320495702,31.95397069597219,1.326071226918137e-14
1.3610905336681358,42.60900162865491,3.127128396493756e-19
1.6097376333261666,13.944414748912441,8.790177725696812e-07
2.690013879121026,42.04299521021219,5.507559244387739e-19
2.971016842190113,11.647191653124867,8.73927198054114e-06
0.6506909531954218,42.65684124857423,2.981049793897257e-19
1.9892346093003024,42.30255216639494,4.2484941414519905e-19
0.7899671302114519,12.040292353150232,5.899534330885329e-06
0.06195299839718604,35.08642845847433,5.783060434136504e-16
2.2751359615084246,30.09812297251589,8.483035362161092e-14
0.9600514524674035,16.792780126868585,5.0931503059101174e-08
1.150391682515694,15.935157507095026,1.2007261540018654e-07
1.7649513406608173,40.930365042680926,1.675592160088947e-18
2.493145365708571,32.70770995347377,6.240538279722511e-15
1.8869455307734462,49.319965396661296,3.807248117155612e-22
2.617951966342186,49.28991109153377,3.923409139657612e-22
0.8206261044469073,49.70667973857066,2.5862069579702908e-22
2.394140501737691,14.744620734630637,3.9491311815427595e-07
0.5569078329178566,47.53024547855849,2.2796945719376197e-21
2.8583749709158335,19.78278436082251,2.561213661598927e-09
2.0624648291634458,28.32849039034448,4.978436164970809e-13
0.6465230313406753,40.29626223286904,3.1590439710709314e-18
2.8421117714667727,18.14483728308928,1.3176398924567955e-08
2.1925674203104735,32.652464222173194,6.595002549422192e-15
0.7618249277850775,17.43266992903983,2.6858824740496484e-08
0.6399359321024459,14.189444267251732,6.880036720960671e-07
1.5546021417919897,14.662344497183941,4.28758109742444e-07
0.07698815416359472,24.305561393928752,2.781178139148995e-11
0.6224102263233282,10.18619347348734,3.7633490741649225e-05
1.2740564062545188,26.994156848067583,1.89054333703945e-12
1.1225099410026766,36.56788420324596,1.314527498932207e-16
1.390726273094432,26.06752740015955,4.7754762888893904e-12
0.8328861188841957,13.431784020793405,1.4676062851502191e-06
1.7603530393745064,12.507554480945622,3.6985478531082378e-06
2.591566817769694,21.124660510594467,6.693858011508588e-10
0.35259556788609925,16.77250762174403,5.1974726453836e-08
1.5521373214623426,48.603798928718774,7.791809494240361e-22
0.39620431903545994,16.0492089989634,1.0713129766083077e-07
2.150579043577781,42.21849749619986,4.621037609542671e-19
1.1881791084218811,33.44431766964579,2.9875651521312393e-15
1.696263935575527,32.771476799371776,5.855021069191448e-15
0.5498395086422359,30.48322863695138,5.771676915870212e-14
0.4345432780301317,48.87052304455804,5.967624853819187e-22
1.4641688419468637,24.553791003665513,2.1698217415906662e-11
1.0668382135498669,41.51663003815505,9.32302110186301e-19
2.821295835758439,32.21176429867839,1.0247277865658488e-14
2.2959757614208955,25.825346705029048,6.084073233659579e-12
2.245990859551642,48.21863733223124,1.1452805406274857e-21
2.7111592192378002,33.93263877458749,1.8333366640496807e-15
0.25026730632605565,14.756677685840543,3.901712357986041e-07
1.6565774097672197,26.701568039874264,2.533123372609119e-12
1.7534282068673066,41.26326910726431,1.2011297432678701e-18
2.8858091356416873,37.74988092956855,4.0312062602406725e-17
0.8764425803776466,46.65361319346297,5.4776367580362005e-21
0.7224863397463405,20.37509536566081,1.4164735972120943e-09
0.30088182679649345,40.327748654152956,3.061126604894303e-18
0.04928888877442261,28.395008295780837,4.658054693064179e-13
2.788587950376572,32.94438987867262,4.925306549486581e-15
2.00974963977273,48.20186724025132,1.1646489517321007e-21
2.355458736069413,49.17145279956709,4.41681675875882e-22
0.8451903172618472,44.46363855702254,4.8942610423402995e-20
1.75923049855898,24.36388350921185,2.6236133624557666e-11
0.19186579836294337,45.50803342909279,1.7223134752048718e-20
1.4568827878038686,35.54436710565652,3.6582847215585553e-16
2.9324854192333403,27.199871218828523,1.5390262280618714e-12
2.6295157359497723,11.429707300019349,1.0860823804885773e-05
1.0144768555105368,40.80512496766329,1.899150548051655e-18
2.8847104636244953,30.08422322896452,8.60177066154732e-14
0.6951048794136135,41.44753997860243,9.989922034587772e-19
2.8479564672470445,39.920911973730796,4.597992063035975e-18
2.824133114119496,41.74269472193408,7.436661648230617e-19
2.397607762057175,22.026046347870675,2.717750716986359e-10
1.8913438106003735,42.03194396270524,5.568762206405113e-19
2.622863899874841,31.953853138646693,1.3262271254658392e-14
0.8790608535233901,28.933048017965728,2.7197995722983127e-13
2.5468306659387547,37.005036552830276,8.490178527434119e-17
1.8536300757525714,10.854347317533932,1.933126863047665e-05
0.03971057327669847,14.092672635503769,7.579315528706808e-07
1.0417005537966588,21.68709460670088,3.814296673340238e-10
0.4444225828444951,49.31960439831359,3.8086227755449985e-22
2.9454881694547597,15.5898311545982,1.6959667799162168e-07
1.4351109211199642,23.223852030368413,8.203689444382973e-11
1.492174096495988,12.042122587676944,5.888028342347229e-06
1.9184175491961708,23.250755211709052,7.98592658249668e-11
1.1057538183888527,22.813051460433265,1.2371365283800995e-10
0.4107008150567968,47.872286837780884,1.619309971674901e-21
2.466353199582737,43.80616347982881,9.44549945629184e-20
0.5695437357082739,25.31056876971086,1.018027827177044e-11
1.5339569476393682,10.990762321569946,1.6836568694369797e-05
0.6729510869242178,43.24124455981513,1.6617515672506466e-19
0.29353345348210214,36.42144708578161,1.5218312845163266e-16
2.58657455226505,16.094579346052388,1.0237908425598386e-07
2.9187584670693907,49.842850840407486,2.2569654853760595e-22
2.8825039741890004,14.009337496964921,8.237394993954081e-07
2.7196664976635367,44.68458166374651,3.9240339601353096e-20
2.3221419980959164,21.77064656518756,3.508555421844925e-10
0.9994354560859258,27.414138653006283,1.2421980890938417e-12
0.2433041699639903,41.81826107105259,6.895408089817444e-19
1.221723514241422,37.100334239760414,7.718440540753433e-17
0.6967024265128282,47.51457497776157,2.315699901517008e-21
0.3974629042739489,34.84561301841533,7.357707987427116e-16
0.16028154536047579,13.91240645916211,9.0764837034964e-07
2.1767830926317364,45.37441452967801,1.968530509626682e-20
0.034282375875093085,40.76622099954364,1.9744910606780464e-18
2.311742245508329,38.47481803573288,1.95253503291705e-17
0.44083993620112516,12.149341894149416,5.291313286400766e-06
0.23856624776026725,25.84890978646976,5.942389525036116e-12
0.26880910271581615,16.697432778381568,5.6026940425226094e-08
2.0161434220617434,42.87615633631476,2.393987607338648e-19
0.7361016295585343,38.02114491271451,3.073452947593398e-17
1.2616184000402955,45.32310389276541,2.0721733149604162e-20
1.6721063739717508,48.66300427696656,7.343883345777263e-22
2.5816535214863814,40.989904567699945,1.5787400720781233e-18
2.1811327881339846,49.76932332883048,2.4291677695815143e-22
0.8109837157161439,34.59079544577195,9.493107814825665e-16
0.3944483978733828,11.485184155657912,1.0279659052792198e-05
0.16612296126359383,10.570060606011836,2.5671440602138808e-05
0.9047959034428275,23.68415500815155,5.177286156656873e-11
0.7863544477190347,42.93886876270149,2.2484655464012293e-19
1.368421700401439,44.64538825298924,4.0808838991114344e-20
2.0498440066430414,48.432501152907115,9.247663203515648e-22
2.0868763369165717,12.604858741952736,3.356726474146698e-06
0.8505565397464999,11.782844439506563,7.63055719484182e-06
1.1397808677003614,46.531343854681346,6.1900495913657535e-21
0.5434528852107091,22.201867934514464,2.2795612467014228e-10
2.365636536919556,32.31949602438531,9.200707382726613e-15
0.1705442292997209,49.29779532002839,3.892597707314844e-22
2.090991725174962,26.017941389436935,5.018242269972881e-12
2.33608618782331,36.63485593239359,1.2293745640021869e-16
2.3322226855462596,26.03518254527941,4.932463559333073e-12
0.7782676930360648,40.727786578511186,2.051856709889199e-18
1.1214394137976842,31.108589022914632,3.088242870981626e-14
1.762798905589167,19.50092551945399,3.3951240721874687e-09
0.8184657072734011,20.852244050338648,8.789930676429398e-10
1.1125583976536662,20.32236850153629,1.4931637548592206e-09
0.5911628405569189,31.29281313034243,2.5686440985567303e-14
1.3795676512680222,38.12756064062657,2.7631903615936877e-17
0.13383690376234225,47.97119600172569,1.4668114321872917e-21
2.399387653711854,37.76349500331919,3.9766970092973594e-17
0.2308693409598982,41.24771375849562,1.2199598097774878e-18
1.5565054464945782,16.757044634582627,5.2784507350373436e-08
0.9204302986355883,24.962505000293028,1.441855782262995e-11
1.7326288464941264,26.55120879433064,2.9441269500493503e-12
2.8783000225002753,37.45520920001892,5.412642283241232e-17
1.9367107333680116,21.835679055074944,3.2876462844312383e-10
0.10608730726647275,22.131676856786644,2.445315302960804e-10
1.2912073185241837,24.235566185634724,2.982822006115637e-11
1.5300505569547507,42.41208326172929,3.8077311198671222e-19
1.608532484110356,33.10360360173395,4.200370741488243e-15
2.0441775318115134,13.01109119330938,2.235828454131358e-06
0.8327882931952982,13.129843987618752,1.984842724723753e-06
0.38658169639896056,24.851477771299972,1.6111661787091756e-11
1.178027029641283,40.66364202424633,2.187785072566689e-18
2.8692171683878467,37.547337059147225,4.9362677119524356e-17
0.5613926752525342,38.319294186047465,2.2810877096696816e-17
2.711951864784711,40.68840264216388,2.134279313742311e-18
1.631417850231979,21.486108515453175,4.663388794409517e-10
1.3707342649372976,31.930251277683517,1.357900862958239e-14
2.6461242306896686,31.73410561267078,1.652163579467373e-14
1.3758118853057577,39.585300047197975,6.431653291215324e-18
2.1725029098346296,48.27482276422585,1.082706785642555e-21
1.1970759651093061,21.119597791818634,6.727832803275609e-10
2.712133178702873,41.73126691028193,7.52213386689137e-19
2.070075060573682,36.398821940930496,1.5566554026075707e-16
2.09886616275155,33.2095148345384,3.7782523459333406e-15
0.9831612046713567,40.995191173896075,1.5704159176811915e-18
2.2703359282106677,47.76129865712397,1.809387329072164e-21
1.908183166341424,11.46765671477652,1.0468337251691621e-05
0.7200608201391286,15.896004100528828,1.248677963429823e-07
0.48161646745576925,40.25148926004463,3.303697890070932e-18
2.389174423551995,13.351654116403381,1.5903322071780604e-06
2.8774998091056676,30.64494802964372,4.909849414877707e-14
1.3744164817801285,18.794431065664277,6.8814825639968825e-09
1.7729524959710548,20.97182815371006,7.799212572596267e-10
2.573167932580664,38.07361931777665,2.916333752311632e-17
1.3716703600615712,11.207710930748465,1.3551652660647416e-05
2.8556234304982087,44.932777116076146,3.0615604709438295e-20
1.7272534861346172,27.7791582140908,8.623128853141221e-13
2.462301362103945,30.095731756284042,8.503344405946218e-14
2.726531155238215,31.601918547747676,1.885650311359363e-14
2.4465714563057066,35.821771783179756,2.772057168646893e-16
0.4782433903468678,23.794263464909925,4.637486685940149e-11
1.8866953171851013,14.044299622539654,7.955220045812575e-07
1.195302775859031,22.735157466647063,1.3373545551401576e-10
0.1881388560700371,16.725684720912813,5.446623254325257e-08
1.272096755669526,32.245327178018954,9.909057292160347e-15
0.7760522006682231,22.72114523841546,1.3562257850984145e-10
2.5471149252855323,48.322687119737395,1.0321044086739142e-21
0.09991387964008858,48.62937111921123,7.59508195512543e-22
2.8769481655904205,34.80503522272966,7.662407774035886e-16
1.066106545415789,34.699890706691434,8.511947639562826e-16
1.0701206712076288,49.41514258268424,3.461594991955378e-22
0.04898550805112367,45.49132604940744,1.7513305449996344e-20
0.5556969757085518,40.602797966325596,2.3250317795445718e-18
1.203778502410826,22.54362446970805,1.619676510058468e-10
2.787874251908142,24.621561124723055,2.0276447467354342e-11
0.298844790663814,18.050670630434617,1.4477490694878108e-08
2.835904600437239,29.485925076694986,1.5646796901480044e-13
2.608465591639897,49.61474088558318,2.835252958790534e-22
1.3624871907226552,46.48603812046355,6.4769442475882165e-21
0.9801026453047802,14.733977360778763,3.9911746278558986e-07
0.6982323878371706,11.007611571620245,1.65621975003247e-05
1.8433941194306231,45.94550673633065,1.1120388403050209e-20
0.09922377442651686,31.486805117948297,2.1157009667930047e-14
0.04681819334048465,18.007595528338246,1.5114738166085415e-08
1.2863871674947136,36.946130783385414,9.005322554840082e-17
0.20422222192416062,35.7689271171928,2.922485259963736e-16
0.7558229647382787,14.883424273458687,3.4371848970809157e-07
0.6634827460382515,20.38400933990478,1.4039033121149554e-09
0.7595735811685558,12.403118572530317,4.104845284200695e-06
0.39316569364577325,18.39441895480568,1.0266095062997511e-08
0.03610866869296281,15.292226994122515,2.2838637298087635e-07
0.34645289141624425,17.729451698982245,1.996166928580826e-08
1.8554407785382436,37.41868583652468,5.613984653783735e-17
2.922768638454151,11.97998977044271,6.265365312840317e-06
2.9710350046826814,14.07418460992866,7.720410932263046e-07
1.2271622861191847,15.366945523131506,2.11939141328255e-07
0.4888632781398161,22.661644838325362,1.4393708209463117e-10
1.916285272099588,21.950012434077635,2.93245076126313e-10
1.4709160396462115,20.202551412665578,1.6832295254649434e-09
2.968229331853294,40.02146613729665,4.1581303435356825e-18
0.1959126214553406,49.920911510324025,2.0874861344579462e-22
2.3497033149414395,31.359116945151833,2.403856581862986e-14
0.8651954919944818,47.768108716557684,1.7971071556377223e-21
0.724255860229722,25.864404485042588,5.851023660244581e-12
1.9875137145980277,14.267297872108538,6.365188326148367e-07
0.7381895549728934,26.350953178793493,3.5968840785976927e-12
1.997577352677563,21.845110936587734,3.256783389014666e-10
1.5519255516068662,29.736278491567127,1.2181431819518202e-13
1.2722669653075478,36.28174707665693,1.7499975907982948e-16
1.6640634259842568,28.44200876609633,4.4441891896963243e-13
0.8611545597588892,47.406420483113024,2.5801988503999797e-21
2.1197241188189366,45.390592891975196,1.9369391471583213e-20
1.244570608000692,38.079103806647886,2.900382933329709e-17
1.0816366814576768,29.587396494581967,1.4136990576798635e-13
2.485970743667213,15.267491272578276,2.3410669536611305e-07
2.7749007358595765,25.880546671105336,5.7573335619564e-12
0.13802193266189078,38.17606157604695,2.6323711154966416e-17
0.6978809784892965,21.395420822149248,5.106070284956611e-10
1.0455581084776897,14.159523101736816,7.088754053154118e-07
2.444899438110742,46.315938300425124,7.677919810398057e-21
2.956474282929893,38.362032392621785,2.185652013271234e-17
2.9069151140110554,34.611057065403884,9.302697598939578e-16
2.7148450366497805,41.69995622435666,7.761383019909391e-19
0.8896687951920896,43.42584150333903,1.3816456152406808e-19
2.9760337302434223,29.338359926840933,1.8134775169667915e-13
0.7482601231693536,45.2475300563776,2.2348448414894124e-20
0.3177184646466966,46.656760428044215,5.460424450000772e-21
2.8528578331661825,20.862043816991257,8.704211851846479e-10
0.7002607664042889,34.30181439163177,1.267392960083484e-15
2.0693047952332515,31.063361152818768,3.2311242739469554e-14
0.175069076941766,31.5178311660761,2.051066980088399e-14
2.1921272973824286,47.50652375858248,2.3344193651097464e-21
2.645160637001519,22.20754810772116,2.2666496301630993e-10
0.8173106863978875,49.337359129383046,3.7415984624138164e-22
1.1371706882322856,46.085248592169286,9.670097195983817e-21
1.1228885499627483,28.348915544540105,4.877782273096576e-13
2.2463647726203995,42.698130544726645,2.860470787103487e-19
0.7134217276171165,40.76187977280562,1.983081406893671e-18
0.515559297142929,37.115798784740846,7.599996571379658e-17
1.3478749460632142,22.79335557532617,1.261744569614277e-10
0.9134052221319585,17.858039672838157,1.7552999793747357e-08
2.5175673667759573,36.86110787063033,9.804473001493512e-17
0.7132254780469163,43.71893185604337,1.0306450937883245e-19
1.5071683724677842,10.650111547094788,2.3655349227552282e-05
2.827750799093791,35.71213501234048,3.0932628600659664e-16
1.9019930932339824,27.714920984888497,9.195233243511622e-13
2.6018682163873943,45.923510205079346,1.1367708494122812e-20
2.820629068064302,22.85891723416821,1.1816758987109415e-10
2.252294585659056,28.96739249054487,2.627975343641375e-13
2.098725180674254,30.590684161407452,5.183638073344915e-14
2.903896699812681,15.617580854842119,1.6495474636498148e-07
2.9832023689430383,38.515692107956255,1.8743360179439493e-17
1.355465048009279,43.21905380483838,1.699039280244482e-19
0.2126093345526251,12.316371075850409,4.4777435522919485e-06
0.8783820943215566,21.65555282147611,3.936523923657478e-10
0.4570641170631914,11.521787261402316,9.909736473851909e-06
1.2524591243880354,48.26176418752969,1.0969381134509452e-21
0.3938679854197681,36.68675282815294,1.167201098948906e-16
1.812353412062646,48.568016778191264,8.075665395858297e-22
1.1484241774735624,31.25977113325231,2.6549349903805725e-14
2.68615765286463,42.082740955824555,5.292950342293886e-19
2.9033840153955057,24.9765593551896,1.421733165652017e-11
1.6406547050082665,24.15276130290564,3.240328516416363e-11
0.8244707096027898,25.130712684205307,1.2186251998494829e-11
1.7766912562855104,36.31448534905713,1.6936333608767542e-16
2.6902834746732296,24.37812604086609,2.586511301727164e-11
1.2202000375072448,46.014698064169025,1.0376969596293686e-20
1.6562348300759124,49.330994602006214,3.7654879101418184e-22
0.8149583028184376,11.217060613480236,1.3431754926845951e-05
1.366332448350081,17.74493161609986,1.9655011438951048e-08
1.205140606138796,14.489999703495439,5.093908244481443e-07
0.7452403952489131,11.69456188365773,8.33537977437487e-06
1.517599151475925,19.10963973389146,5.020982992025288e-09
0.9311424779394343,27.871732814763245,7.860682180596264e-13
1.1191045916422424,43.47961461154735,1.3093124542359854e-19
1.5749113267627928,18.872961220399844,6.361754638571678e-09
2.2517850687869627,29.75781022648805,1.1921948051691338e-13
1.000522397373826,47.18474957787018,3.2205024089348122e-21
2.7724762998622907,36.688588271467,1.1650607323573251e-16
2.586955640507707,41.9231607902399,6.208727581532832e-19
0.14607088792658562,32.039758807419446,1.2170531603195192e-14
0.7609275727704683,49.2186583536252,4.2131630852137237e-22
1.3384065379776058,33.546486187258964,2.6974050213519047e-15
0.31388366622742225,11.82042855850366,7.35227417695937e-06
1.0454279671004914,17.919311997591794,1.650977076680812e-08
2.2202925768530477,26.19094515828592,4.221016425016949e-12
2.041543443428478,34.051086902951056,1.6285490938684117e-15
1.8671532856980146,40.8772346963584,1.7670243568437266e-18
2.131585208167037,26.52344503615545,3.0270122594714415e-12
0.6147710608791053,38.40233220062755,2.09932188414744e-17
1.0250943445941965,41.594780124365,8.622168701400288e-19
2.028727446832389,22.69040788999931,1.3985598820458426e-10
2.637704289093981,49.170809601432744,4.419658560880751e-22
1.6310341614842856,35.98625980943342,2.35161347688264e-16
0.8480989528366099,45.23992243144525,2.2519115390297747e-20
0.09070577401794777,32.23750755234427,9.986846154500109e-15
2.13101048692264,39.66412428609295,5.944149079674444e-18
0.02365231052532113,40.82176246465461,1.8678148332761472e-18
1.1180372094629867,46.32993516938316,7.571201575793423e-21
1.5916116436883454,16.013990274854812,1.1097103482995389e-07
2.766334385301579,32.33133696676994,9.0924048043951e-15
0.2684836350987003,27.135140524234252,1.6419434844035887e-12
1.2178269659048513,46.92636084694961,4.170041992589466e-21
0.07293959913047332,14.203787769959968,6.782240605679204e-07
1.027832953024771,49.30295554723651,3.8725627556241694e-22
1.8666931765193846,45.018052963731854,2.811305303053833e-20
0.8372038446857951,12.953051262569941,2.3686176817501457e-06
0.6292498489669053,29.638655421618978,1.3430602614360493e-13
0.34710969998128094,38.70238000850104,1.5551415530644325e-17
1.7314207320610255,39.52606182764226,6.824164024052767e-18
2.085810017714058,46.25976500951683,8.121557477527359e-21
2.015871421787467,41.99461742329244,5.780552946507886e-19
2.846583062161522,22.43721521376358,1.8015289098237846e-10
0.008109641680508095,29.937391434498096,9.962219293602972e-14
1.9415899616821082,38.071430517434166,2.9227240155814734e-17
1.8011767112929187,15.537473654574057,1.7871529583901317e-07
1.7662188299108645,17.759631904007893,1.9368226036972142e-08
2.8883109595207275,29.241697924394906,1.9975237421299784e-13
0.05061502011011909,21.92983194822051,2.9922301580728694e-10
2.0894472921043503,44.5023699913638,4.708323352396297e-20
2.4410359491055904,33.451092860824716,2.9673922418956867e-15
1.5294215898647523,23.946607908734705,3.9821748363129587e-11
1.0018946087904275,43.953321024176404,8.152958240634466e-20
2.3725204896822145,42.19513794216955,4.730253639870039e-19
0.29172877689727394,49.93419508397078,2.0599402178067502e-22
1.3261069131897758,43.892307533349395,8.665887370582708e-20
1.5598571237125145,26.578261392227187,2.8655483371095072e-12
2.0818692328036423,15.099955270799539,2.768113675536106e-07
0.2726571960972284,43.62563632801911,1.1314278723153782e-19
0.6832785046135829,12.39031671841576,4.157885611110071e-06
1.230904688070377,24.01084829379417,3.73440209985975e-11
1.8698840190603918,46.78951923085095,4.781564154851321e-21
2.6608823436522524,48.430658937804026,9.264715090136484e-22
1.8564785047241295,35.62258374084874,3.3830502624752675e-16
0.4003844128048033,37.54593267934854,4.9432049767451044e-17
2.9417403983618473,11.6981795490209,8.304123521073558e-06
2.6153572042664788,30.579213643581916,5.243439406671905e-14
1.508162283435972,31.874727152253648,1.435429560426807e-14
2.767043945389899,23.604029844964444,5.6091891495711915e-11
1.6241423812714073,12.743873390155374,2.9197448049683853e-06
2.7699182036674896,19.15630398897576,4.7920647682727654e-09
2.4896921058100294,24.319357474447855,2.743072242692276e-11
2.904859230882892,27.405679460653186,1.2527506518224912e-12
2.759348432334475,33.63706902134277,2.4638061595617586e-15
0.10810145228570844,38.895660747929455,1.281826268044445e-17
0.5243160124828199,22.705274930957845,1.377921211865095e-10
1.1674040313035574,23.158150396759325,8.760785918109427e-11
2.8564280918862623,10.787665708948149,2.0612072780340787e-05
0.9000867584277887,11.634994403760732,8.8452023699693e-06
0.4814029316628031,20.312867772341455,1.5074176631464458e-09
2.6589139982596794,39.60979990699826,6.275993297384783e-18
1.3391832464496087,35.13255321495649,5.522376389256026e-16
2.7236267830629783,40.791560827113386,1.9250863940900273e-18
0.4806913989604298,40.75677744859287,1.9932255886163803e-18
1.9833525345242986,44.26269870677205,5.983484874194425e-20
1.3207912584884753,38.812770639475346,1.392604787623759e-17
0.22946030709085619,49.160436760032916,4.4657415708567465e-22
2.0893894339575017,45.95300877207269,1.10372750014451e-20
0.7421962666174611,33.46868664892937,2.9156411553117637e-15
0.11884656773855318,33.52630681964687,2.7523898627027366e-15
0.17983289474871977,11.370681614089179,1.1528147664270352e-05
0.18323561120036203,49.94106310833417,2.0458409706118064e-22
2.7231988724551184,15.263039894645672,2.351455417283262e-07
2.219651753487303,39.61388786526368,6.2503896676519844e-18
2.6941870716412053,42.84060780497236,2.480621074065064e-19
2.017746933889564,24.922181172208127,1.5011850836266377e-11
1.5868197870926495,17.87408218661255,1.727365730048132e-08
0.9133390930421348,13.950395471622201,8.73759913437901e-07
2.99388675398602,39.94424023318311,4.491970370117878e-18
1.0865671768181682,28.10614116822783,6.218104021796409e-13
1.4119468476417287,38.548710360045426,1.813459271264934e-17
1.1347355247703854,46.616305954072025,5.685852083898464e-21
2.9385807880063757,15.863349446042267,1.2901223318892074e-07
0.5239751561850173,46.76684002895199,4.8912452524596e-21
0.983964002724239,26.465058380337467,3.2090108246137963e-12
2.0410459980450044,22.21068039589156,2.2595610151958854e-10
0.18962285501589193,47.722490424111164,1.8809867925012286e-21
1.821748122034623,49.62606770425597,2.803319754850136e-22
1.4329395086292482,17.955688710697927,1.5919992606635038e-08
0.8519999302863033,36.273533878079334,1.7644298549181762e-16
0.715239842772174,14.259812550842415,6.41251601181387e-07
1.5435382298962703,36.03656015430023,2.2362521865251224e-16
1.1037827416111239,43.09252911103399,1.9282014087525648e-19
1.369559673787966,37.3799418609627,5.835761249895742e-17
1.0124321452927196,26.69332568250383,2.5540885630078344e-12
2.911481080787933,25.32265438255078,1.0057983855022014e-11
0.40031829523681206,25.72489660893668,6.726967897763381e-12
0.2904118595351226,33.588472719716925,2.586494994434951e-15
1.0301751863727482,45.262690802899826,2.201218469857188e-20
1.7730807026114737,47.162646290750715,3.292478623476747e-21
1.9775294155500847,12.141184808292724,5.337176931322263e-06
1.191770241504126,17.264895785827534,3.17650589491133e-08
2.9978339817665134,14.48897263313154,5.099290440149404e-07
1.0556789885791278,17.73338563067656,1.988326496514908e-08
2.1642200038798576,23.864312424366872,4.323752255356707e-11
1.9127480835923785,30.261267304904955,7.20607195003062e-14
2.439161589742382,35.178449080366086,5.274650427714731e-16
2.92867699036146,39.28568876558806,8.678449713670581e-18
2.6693809693366206,45.60446165543228,1.563989931509511e-20
2.2936859230731255,49.56353748919163,2.9842085123029485e-22
2.0947454334548716,36.51425914228479,1.3869434175005947e-16
1.0064945090276989,43.81458074671052,9.366327838300647e-20
0.4430567346201221,41.12155387698796,1.3839999165577905e-18
0.1879080091794293,22.30128156874848,2.0638421365475263e-10
0.7257051126044545,45.02769080939692,2.784340526329026e-20
1.296844443543896,11.710525517911954,8.200291693732817e-06
1.5659888208899475,10.014693750058314,4.461078473231853e-05
2.319250662164615,20.94930517553857,7.97686771187378e-10
2.876222769169779,28.483901185097995,4.261857183238464e-13
0.35196144115443306,35.534515800027094,3.6945017018018686e-16
0.3210124205813747,14.070810661781792,7.746778041100515e-07
1.7690841690406522,36.9204053533936,9.239993918710655e-17
2.236194221841879,42.07263468238778,5.346713561035794e-19
2.5444511410409545,17.412516783174674,2.740563182622086e-08
2.807496240650366,26.605010193271752,2.7899144223720326e-12
2.950278726781926,30.79939959813239,4.207176273514023e-14
1.1994050766735778,28.072280723379226,6.432256986707858e-13
1.1410055505827192,41.99319723553883,5.788768249266984e-19
0.44342603009181714,48.420895924773234,9.35560960447483e-22
2.0548033160506782,41.9581265603272,5.995386198829693e-19
1.9702858753225112,13.119712715032982,2.0055796712658857e-06
2.5861877875536217,42.19742288636509,4.7194576131286615e-19
0.2917739843629219,12.663853289422047,3.1633461338749903e-06
1.4933307234760254,19.4388154096628,3.612680948435372e-09
1.7432457890161892,16.12387587342891,9.942354375935947e-08
0.7246711201197552,17.900764273843418,1.6818857378152424e-08
0.5070762183874838,31.132605082294024,3.014958964449e-14
2.5787425092588645,36.86759430443415,9.741082746988472e-17
0.17560476670667635,28.81285129344164,3.067168782721036e-13
1.4118627117542186,48.38782556116974,9.670175756110567e-22
0.34750200390265584,19.611692801206665,3.03913519351263e-09
1.3711762839941022,40.52560921019172,2.5116061871917812e-18
2.939886979026928,44.80728714028594,3.470902753367179e-20
1.2711190603664184,32.48264443018876,7.815679941202087e-15
2.571374752513702,28.248900078462125,5.390866488004593e-13
0.35194669254958166,33.84737787116975,1.9965057423810368e-15
0.8137562302855924,27.152390806413717,1.6138623955286947e-12
1.2113782220020035,32.20775529293478,1.0288441719408769e-14
1.1994364200279923,26.677358085152065,2.595198561170314e-12
2.0141504360104596,26.01878841176536,5.0139935059944524e-12
1.0341543821265229,37.81385872558119,3.781375586928913e-17
2.141300605230049,13.714048522718718,1.1069094199651196e-06
1.9175606976761777,16.661682909152834,5.806632492953964e-08
1.1974834357643194,44.047938868600156,7.416913433185024e-20
1.2952803829629578,40.843093872607525,1.828393662428903e-18
1.8435830994309623,21.25814909177575,5.857376769248186e-10
0.2101265704339339,25.090757306630408,1.2683016426485171e-11
2.467220215067071,47.04106026513922,3.71815169168122e-21
1.9602634833409107,42.72308900695445,2.7899613981036495e-19
2.179027393253506,34.57385199918524,9.655324151202939e-16
1.6107690032471713,18.859607152118308,6.447280084073042e-09
0.3314313329752342,11.770078852610784,7.731840562970578e-06
1.2151068398908498,27.25031387367593,1.4633191444655167e-12
1.2161207485456682,36.905085570298475,9.382638473335384e-17
0.9631289701296507,43.13921962071406,1.840242113103136e-19
0.08985097471424808,44.107560229690776,6.987631308299828e-20
2.211762727789432,11.311036051734536,1.2251878619056998e-05
0.3293533741875021,19.766281353475176,2.60383264873398e-09
1.8189243991352555,23.56378353909612,5.839542675642152e-11
2.1096524894016473,17.549288438375434,2.3902419960570553e-08
1.9043589688010842,42.119015134553514,5.1043934635937045e-19
2.877426755933925,40.698630523397696,2.112561411787159e-18
0.30989446525541586,30.67332161523883,4.772497184510205e-14
2.6015014773155976,49.31705911983422,3.8183291285771937e-22
0.08757070454673976,15.76234164363369,1.4272562542410272e-07
1.6047505647812519,45.986068133106755,1.0678355259661713e-20
1.2127308538177763,14.658530166476647,4.303904611590371e-07
1.5725515811812745,16.527268220564828,6.641968668172762e-08
1.0952996311800294,37.848768010024756,3.6516479938975445e-17
0.5717007448202042,14.382787681667573,5.670570690493109e-07
0.05736869234606934,32.63380381674843,6.719223371655539e-15
1.554449441373523,26.809341458906143,2.2743167028009746e-12
2.528330588054527,39.1389586216406,1.0050004198359635e-17
1.1196478672343826,46.027009552354606,1.024999687309382e-20
0.6685914540449407,40.79486058676221,1.9187445407365956e-18
0.24159601041553225,43.98759505684753,7.878257918004112e-20
0.2559327693561101,11.317817941249295,1.2153449797605067e-05
0.6641893388783167,22.407819929768124,1.8552713992868031e-10
0.30004218276466554,30.617323467453296,5.047372619152272e-14
0.7951190950934461,26.63813258519118,2.699019423536768e-12
0.19844838635086415,19.250198119187537,4.362597778044216e-09
0.19681460162977693,22.31496391840093,2.0357962311575566e-10
2.568828538868346,47.817238815664226,1.710948914239114e-21
0.4863607821264997,21.767235194854063,3.5205447171787877e-10
1.679047217470344,24.15616440719143,3.229320083848985e-11
2.3203666333470916,10.148390950000747,3.9259283730806114e-05
1.3692286960172,43.80310509111498,9.47443168567533e-20
0.46010663357803716,16.193628136063065,9.272478016495068e-08
0.598788426360343,18.16577102054904,1.2903445433788633e-08
1.298952618843542,20.210580683681023,1.669768488904158e-09
1.5847022675356073,45.38488227379371,1.9480319101900074e-20
1.0483208761456047,18.25805644985259,1.1765933200008134e-08
2.3444388007039842,41.901054434717594,6.347508236347281e-19
2.253064946569195,42.32197361291618,4.166778327873413e-19
2.7816354221193538,47.080822751455834,3.5732094638956436e-21
0.08685764708088162,14.622452544012559,4.4622038033750894e-07
2.6870738736306103,18.691158893513254,7.630141028344897e-09
1.1777063653864532,39.71593168322885,5.644039263601251e-18
2.635117486139982,17.84003017122956,1.7871987966745654e-08
2.0723543284695887,21.45318187493796,4.819494750657686e-10
2.9620462712219044,16.669663204454505,5.760441081889318e-08
2.277847355150004,16.907867446201973,4.5395020807500924e-08
1.0936338779903598,29.26213418512823,1.9571161227489096e-13
1.5031895185042563,14.387322484518341,5.644770756135373e-07
1.1291674655830537,22.867904738544887,1.1711031644653512e-10
1.0947355080637142,27.06375638395516,1.763436975602802e-12
0.7827134981431793,10.981924660959104,1.6989720082922502e-05
1.487910886120409,25.533326658978105,8.14736413805765e-12
2.0452198352080835,13.76489744342068,1.0520113541287532e-06
0.8320208139157306,29.743141245847067,1.2098119847944126e-13
1.57313943323166,43.02952754228385,2.0535894733313382e-19
0.3521408825116715,42.73688648727149,2.751731306583746e-19
0.4795358605625739,13.21794062149602,1.8176210050688418e-06
0.14041906413656624,34.04911030698081,1.631771260856548e-15
2.9121943283118985,43.38345527884946,1.44146720616311e-19
0.011581054530783286,19.51890171738541,3.334637972547055e-09
0.5357399041729689,40.47706045798397,2.636549925027e-18
1.8386002593509772,45.63057385800373,1.523679299737534e-20
0.2441087965599159,42.244966057617766,4.500329918311143e-19
2.645689509290497,14.29204126062018,6.209085433788338e-07
2.1588604735268646,10.362399980895397,3.1698558154339886e-05
2.8991699143136804,17.668964396873825,2.1206328123238407e-08
1.5229066417222947,20.81909363786493,9.086204057128984e-10
0.9012110494754616,34.64731962463838,8.97140110855914e-16
1.6485017183858144,25.370927009692736,9.583991033869284e-12
2.7924561518939193,38.13628122645894,2.7391984865226978e-17
1.5622843117255816,24.12299842086434,3.338219563095202e-11
0.8016210955869559,16.17701698618401,9.427756033394377e-08
2.6321963675223587,22.507593739441404,1.6790987319733685e-10
1.115756245537384,45.3729690555654,1.971378027028785e-20
0.004150049996997418,48.34129376980259,1.013077961257124e-21
0.7430550674769478,18.30050936269474,1.1276894329651604e-08
0.9547005275311872,41.53873548097765,9.11919274995424e-19
2.5763324046957066,20.93394946159483,8.100302772029239e-10
1.375509501199335,45.4852617372563,1.7619834286628458e-20
1.3337618634339021,16.621824511850217,6.042696301010532e-08
1.0083067991996622,36.63839674776227,1.2250292731283102e-16
2.6420343691412387,13.3684505885273,1.5635510956268631e-06
2.835080330821174,48.95573295895478,5.48018624619441e-22
2.975670987463888,38.02533378562171,3.060605570610061e-17
1.1302238008829604,43.67262957620341,1.07948836274046e-19
2.898442336881514,32.666773574521386,6.501304313513121e-15
2.375638708892704,29.07205455715441,2.366830342480339e-13
2.0270674429328004,34.87529565577461,7.142521263306942e-16
0.7346684382602983,31.149660467977924,2.963973699072626e-14
0.6493717828326294,28.77537420580612,3.184298466614416e-13
0.498143473563737,40.37801005830571,2.9110726327536895e-18
2.768269830676096,17.128038197570724,3.6423860312614315e-08
0.8822299871494983,16.84688192620634,4.8249261559276755e-08
1.3592827363466353,27.273706025988247,1.4294862154302213e-12
1.4818735019616704,22.82991664179784,1.2164469557194138e-10
2.3345147863507627,12.964980716520964,2.341292451480875e-06
2.5327048846590725,43.77881969674937,9.707338667620637e-20
0.41721810344583843,40.86411226777399,1.7903648145872806e-18
1.280713080633221,31.75685999211939,1.614994110301182e-14
2.5285646635063714,49.172981490574756,4.410069968889586e-22
2.4540999172675155,12.904002661904212,2.4882309615578814e-06
0.3072412753572492,40.666772041114996,2.1809479740832547e-18
0.46915004660388904,20.654815664363873,1.070847241031777e-09
0.9125960747982235,24.743956797743017,1.7940564405360668e-11
0.226077207250021,18.7711754081227,7.043395666264611e-09
1.2739890085217787,41.561515658474605,8.913804196227265e-19
0.32285311544874573,15.76960408086264,1.416926509396233e-07
1.704652781009535,43.60066790941112,1.160033469217499e-19
0.7396708194334684,36.463105929193354,1.459735943448641e-16
1.789299196048868,12.360929810764588,4.282797543785161e-06
0.35257692871091295,42.439269264006136,3.705608574487614e-19
2.9276516052556003,35.110228646519175,5.647047495393346e-16
2.797683611572021,46.19929278313366,8.627839876283631e-21
1.1753908156939974,39.94889225634553,4.4711221507095364e-18
0.7265357823782563,32.44483709719099,8.116826865751472e-15
0.7511946385607183,43.461887224767906,1.3327300960581177e-19
1.450180605607176,21.122009532048885,6.711626627825778e-10
0.1199784057021509,31.878002473782544,1.4307357581378636e-14
1.9191153182253808,21.744672792136406,3.6008796266830863e-10
1.2249087250192345,48.72817564362035,6.88053494288315e-22
1.132219717766662,19.047852033680254,5.341002082662578e-09
2.428094914467595,10.6295295868185,2.4213143301147943e-05
2.1271063805498702,23.034193680151848,9.916919636143029e-11
2.863001446178076,30.100375878792185,8.463945390452734e-14
1.0558087214870722,11.134517369203003,1.458047502546722e-05
2.6926282939482165,32.36993200135629,8.748168757013837e-15
2.3099015587502665,44.971310998049205,2.94583073887168e-20
1.0722739547841391,38.1892877766668,2.5977840787584654e-17
1.8649963093597735,34.91873291913217,6.838911412658421e-16
0.8657098729550867,48.23847002833005,1.122790297971266e-21
2.623199751224527,48.331173353684235,1.0233827884007678e-21
0.33728195163693375,42.97065878812914,2.1781109811773287e-19
0.6373030838821231,34.309673895434045,1.2574709225158657e-15
0.5490998762397634,29.510582379908268,1.5265706722005474e-13
1.209078007212866,10.532644529858693,2.6581623268018693e-05
2.2356988800963875,34.250476249061656,1.3341576859254632e-15
1.580722347156541,49.563523014274146,2.9842517087875543e-22
1.4630289706146227,42.72404200096116,2.787303848128037e-19
0.001637894690986963,23.62418575537408,5.49726264568871e-11
1.2762051760651643,16.081881001776882,1.0368676546644849e-07
0.19066132450847528,41.36234457868616,1.087832402998686e-18
0.6247597563644515,39.75751282526966,5.41416598187601e-18
2.797181816881483,48.68187167917292,7.206622296460154e-22
0.6461946130297146,44.993694477573555,2.880625281767549e-20
2.5750129159027875,32.2265050108963,1.0097333549725025e-14
2.4086801146840027,14.051369878589686,7.899206803621407e-07
0.4774387108267285,29.340026335358402,1.8104580391370666e-13
1.8171358718108364,22.54780216089268,1.6129241463948238e-10
0.34698561571503994,30.496339280993592,5.696500397423913e-14
2.1836644751085346,22.068062985586128,2.605925708351199e-10
1.9123868321166198,44.47291967902383,4.8490469518038296e-20
2.4358156850730577,43.77308055931289,9.763210593349286e-20
1.4381536481675643,22.618606286682237,1.5026716593504341e-10
2.7445892635001488,33.9832538549598,1.7428514563885986e-15
0.14804684036531912,27.207234305562164,1.5277358616102157e-12
0.878665695081044,46.36371028114253,7.319753640463196e-21
2.145157792395501,17.494436057052912,2.525015487722042e-08
1.2543276352440027,37.90913607139837,3.437727042367854e-17
0.5188540628134691,48.81501311348866,6.308253985880535e-22
0.3216322362856381,17.01102078252361,4.0945611267732325e-08
2.4520173343848644,18.07865713696813,1.4077940610329505e-08
1.4194289353969327,37.74893354688912,4.035027164872475e-17
2.6468510157573224,41.16615698099656,1.3236256725708028e-18
2.1998674029501784,29.62196219175731,1.3656684519795686e-13
1.2291786168922307,34.38745860588485,1.1633663043883629e-15
1.120533042467051,18.50729635247315,9.170287267168695e-09
1.5469150399537552,29.064569142693042,2.3846135226838854e-13
2.667179859569186,14.482875234996605,5.130394380427123e-07
2.2118357391425034,22.85687701102659,1.1840892699819454e-10
0.01545889280706969,21.391188201238172,5.127728269719163e-10
2.0824735541073767,27.785014404096803,8.57277774964699e-13
2.7585222207174622,47.20505448974788,3.1557698102078404e-21
2.1313672785134745,17.250706485913696,3.221919930872606e-08
0.5310173447024877,26.05552986498882,4.833115306810603e-12
1.450554382282376,34.62388876438579,9.184090774568736e-16
0.42094805377025823,47.86228344296007,1.6355898599763674e-21
1.0769858350188963,15.325927661430727,2.208133847636503e-07
2.8113511258215533,46.71506467972454,5.1511617571622424e-21
2.769915922676125,13.24215154536246,1.773907112441594e-06
0.8485105565282487,29.229655886410576,2.021723413161332e-13
1.0188931324985975,28.183594689219312,5.754668967417608e-13
1.8006386043938818,18.38410915508782,1.0372486649720923e-08
2.8895918857811402,23.8983867246339,4.1789051844092e-11
0.44340400219617127,28.166610733935926,5.853240707620456e-13
0.7707499310600073,44.608458516425166,4.234407206506537e-20
2.620670481872314,48.20256581494239,1.1638356415624632e-21
1.4756766951250335,30.75702714548661,4.389275399606497e-14
2.696883276681095,44.80399161177687,3.482360080948589e-20
0.5565536925695288,34.326863427071174,1.2360403051388596e-15
1.5980057624140822,23.963493679507017,3.9154972828272196e-11
0.9788088979481171,17.767768304538762,1.9211248383001467e-08
0.9496276796774281,26.52539087131059,3.0211279178189293e-12
1.3406308918385974,30.91297131695391,3.75549456510119e-14
1.2992323473038052,11.777735530382248,7.667673394534558e-06
1.0720406390338633,15.833646634834029,1.3290134356258298e-07
2.7449123109468556,34.0073769592576,1.701311519451079e-15
2.195232556298678,19.000063787086482,5.6024421837727684e-09
2.182640973994589,43.4930550432519,1.2918324620742673e-19
0.8697403487758663,23.077689990967624,9.494816569632255e-11
1.733128272950521,14.193368290130035,6.853215395235489e-07
2.337538299905502,13.341223542212681,1.6070567645334644e-06
2.3867711056296392,47.48492082127119,2.3853983455857443e-21
1.0335913822629368,14.720812449675167,4.044054424005645e-07
2.3126182697059434,15.636390566482401,1.61885338158442e-07
2.207681690423199,44.50664231731012,4.688250769214847e-20
0.4245194568657008,20.17152521109376,1.7362725360545292e-09
2.597836405699432,36.63805643017665,1.2254462430799462e-16
1.3239644105412323,42.669027481195656,2.944942480552385e-19
1.4592313466659963,34.28722560520768,1.2860182148882802e-15
1.345107536693992,48.29954173791398,1.0562714582237355e-21
1.7035380044325226,38.35531597043365,2.2003811832409453e-17
1.863507742101164,14.510060396146333,4.99307266528759e-07
1.4945386972888302,32.3364010618352,9.046476393168798e-15
2.600365629777287,38.72746104356736,1.5166220667613888e-17
1.8832042685858532,42.07828961493781,5.316563584869886e-19
1.2042838479165598,11.05285341136366,1.5817005848563456e-05
1.250075270726133,38.75515661085698,1.4751946837156897e-17
2.4325158453868543,43.027232840777984,2.058307259073063e-19
1.0445758282395603,39.87335243741426,4.821953982521397e-18
0.6343643873472407,30.493965826223924,5.71003684116767e-14
0.1781495640173677,28.320838523552116,5.016676613934454e-13
2.6280805437617225,31.976743331992633,1.2962143398255573e-14
2.7556393535710497,38.18574795306408,2.6069960709498002e-17
0.3603605464904279,46.91657162529942,4.2110639167095785e-21
1.0034212244883447,34.681408425645,8.670730664407308e-16
0.5261162085457316,45.51337225133879,1.7131428516559068e-20
0.3476954064776392,38.05027389782909,2.98521772257181e-17
2.6996002290000907,12.733455097553904,2.9500037918208923e-06
0.1706317774360664,30.033127600064873,9.052705848892684e-14
2.9414569904070205,21.459453932609694,4.789360829018108e-10
0.28935258209215253,21.40699712530289,5.047301784588609e-10
2.5904119475807574,24.23710204863937,2.9782443215674983e-11
1.699518320967488,22.58931088001903,1.5473442062673116e-10
1.10375246345362,33.14439920468401,4.0324623334365065e-15
1.0270271298754736,37.344060014142286,6.048961272198177e-17
2.272092429713126,20.74997548306942,9.736439871284817e-10
0.9437198850128616,15.190504902735253,2.528360556202518e-07
1.9719567498514254,12.352348837378484,4.320863476503604e-06
1.5519782505482405,33.030113801222086,4.52068076255567e-15
1.4548969354742116,17.445206653320096,2.6524183897891606e-08
2.7034865119474847,10.369919768947975,3.127793121522418e-05
1.6639351758607788,47.110123172948164,3.4700318754554586e-21
2.4805848091460847,31.485616763329624,2.118216664283562e-14
2.176720602304468,13.69792720987891,1.1249018582425798e-06
0.11567173817699505,43.716844485099415,1.0327986792945805e-19
2.3193301575162577,49.328109531604724,3.7763672942066825e-22
0.650610750273122,27.944026480708686,7.312459895624335e-13
2.7094489405547146,11.699584329526328,8.291272992065989e-06
0.12877257182649604,14.70183763024254,4.121665533091241e-07
0.9992161034229563,25.266149865817287,1.064266847739194e-11
0.29919884170426203,45.42090549795508,1.8791064323823865e-20
1.4267673512545311,15.921547171110483,1.2171810855949242e-07
2.4600673076092554,42.95960376010782,2.202323648372265e-19
0.8945620789891923,10.599050408760778,2.489513159217849e-05
0.4528046919331248,28.29554795143244,5.145169212538943e-13
0.9908011070906976,35.77588563802273,2.9022196764229325e-16
2.441640425761908,12.415179281023857,4.057063749949829e-06
0.4211518733980406,34.590510024659466,9.495817734935332e-16
0.6820873472325054,47.776164858782245,1.7826875659195026e-21
0.20655589348012182,16.410396805463805,7.465434394110918e-08
2.117130131968823,39.18445532141411,9.60300770951116e-18
1.1856997306090105,34.363755917741734,1.1912706102120129e-15
0.932519931429948,17.40465555516922,2.76218788673942e-08
2.155879171023456,10.248136588374642,3.554911261197983e-05
1.0079326270207658,10.371378020237083,3.123297098511233e-05
2.183313819643254,31.283696366881145,2.592168891274684e-14
2.4455981859429405,47.71117638244774,1.902389201005381e-21
0.6529885303732154,35.7719450986245,2.913678549643285e-16
2.92145609053795,38.571993851749745,1.7717233715785975e-17
0.48707384373800033,29.754619476821485,1.1960048755874875e-13
0.8725227199702277,33.275557705382795,3.5367870058127127e-15
0.5393858725006249,15.05470101322414,2.896161762142997e-07
1.0365169690690035,45.07282481602523,2.6614658537728998e-20
1.440182663462267,40.43170514667207,2.7588847644548682e-18
1.5665276070063574,49.927958113784385,2.0728281525853078e-22
2.560818126888816,21.908917902224854,3.0554687548531863e-10
2.6683437264475995,19.080710871842314,5.168355647362419e-09
0.6603115823427191,15.006466318453718,3.039267391580661e-07
1.8686820965572575,48.56839026464179,8.072649807429712e-22
0.33448817189614677,41.23540738512094,1.2350658503400552e-18
1.3769095805462048,16.652984548785547,5.857311117548958e-08
0.9670006141398544,32.107458844328555,1.1373857845185559e-14
0.9495022363608192,26.55072832269107,2.9455418588770304e-12
1.447752725136303,16.059440312247713,1.0603999664485563e-07
2.1894829065878025,16.482919401198618,6.943238184953868e-08
0.20754797637716849,48.53879978980743,8.315092658026011e-22
2.6375200130622134,22.19856731830889,2.2870976165692315e-10
2.2044413238916833,47.65757166735773,2.007148956443365e-21
0.5294981666671804,13.024426922603375,2.2056507741530553e-06
2.817482727262111,28.432121691727623,4.4883471554230487e-13
1.5189366720701658,15.184761940670404,2.542924684809189e-07
2.999425734350896,10.191495409646887,3.742951855381942e-05
0.5917784229022129,32.15064294824306,1.0893142324150477e-14
1.604724595149604,14.555764192454536,4.769807088511686e-07
0.8707441276797853,38.880981237347186,1.3007816376988312e-17
0.9125206721677397,37.92465502827598,3.384788939165501e-17
1.7731961425019707,17.053316298579567,3.924992560046412e-08
2.7651572006125,47.669685730620664,1.9829809091889867e-21
2.415791566737525,38.84173633729958,1.3528456239452227e-17
2.1718241955039774,21.918810566277198,3.0253911651518143e-10
1.6775213463051066,38.36935055803163,2.169715434693096e-17
2.766895511002343,39.27721110726144,8.752335391396018e-18
1.4770842200726524,23.689053250038423,5.1519885619241034e-11
2.6214965350041544,25.02354249845837,1.3564805623158335e-11
2.5019449316298954,24.364260306132003,2.622624979725233e-11
0.6415060404047597,34.66473774208296,8.816489243487682e-16
2.3136763888977305,46.016405861607176,1.0359262958180526e-20
0.036513470829776296,16.927729449143506,4.4502100124595565e-08
0.9684886126442626,45.00798439345274,2.839754107129937e-20
0.6887023340758494,11.1061262602137,1.5009728087554993e-05
1.5205888754619403,36.4135438391289,1.5339063457634005e-16
2.2105594850423564,26.57755492758777,2.8675734622816817e-12
0.29302910234317237,41.65126208929975,8.148669623819622e-19
1.5447666058103051,38.84792451723612,1.3444998210952895e-17
2.815236065083157,29.204312285807358,2.0736159583184942e-13
0.6859396529488365,35.75456146890387,2.9647716639167647e-16
2.0314234323342726,30.070925227997808,8.716920953701555e-14
